# Deploy TDERC20
nile deploy TDERC20 327360763727160756219953 327360763727160756219953 0 0 630921626810232507712044280983612479889477627366728615579512531114753636522 630921626810232507712044280983612479889477627366728615579512531114753636522 --network goerli

# Deploy players registry
nile deploy players_registry 630921626810232507712044280983612479889477627366728615579512531114753636522 --network goerli

# Deploy dummy token
nile deploy dummy_token 323287074983686041199982 4478027 100000000000000000000 0 630921626810232507712044280983612479889477627366728615579512531114753636522 --network goerli

# Deploy evaluator
nile deploy Evaluator 1105133170503883263802535328285483268846209457660347547813202405440609617505 1191508214513167690756680666605578257737030118375975451928323025655572330193 107904246148953075867773924773806875160658903778843594536234732313756275933 3 --network goerli

# Set random value stores
nile invoke 0x040f8555af087a40f16d1b3b9ebdf7065980cb9f0aa285f86ebae7263c60d015 set_random_values 100 2 7 4 8 7 6 1 7 6 5 4 8 8 5 6 3 8 2 8 6 5 7 3 1 8 6 7 3 6 8 1 7 3 8 2 3 4 5 2 5 7 3 3 4 4 4 5 8 1 7 1 5 7 1 3 2 5 7 8 8 7 1 8 4 1 6 2 1 6 6 4 7 2 1 2 3 5 1 3 8 6 5 5 2 7 8 4 6 4 5 4 6 1 6 4 5 3 5 8 3 0 --network goerli
nile invoke 0x040f8555af087a40f16d1b3b9ebdf7065980cb9f0aa285f86ebae7263c60d015 set_random_values 100 1 1 2 1 1 1 2 2 2 2 1 2 2 2 2 1 2 1 1 1 1 2 2 2 2 2 2 2 2 1 2 1 1 2 1 2 2 1 2 1 1 1 2 2 2 2 2 1 1 2 2 2 2 2 2 1 2 1 1 1 1 2 1 2 2 1 2 1 2 2 2 2 2 1 2 2 2 2 1 1 1 2 1 2 2 1 1 2 1 2 2 1 2 2 1 1 1 2 2 2 1 --network goerli
nile invoke 0x040f8555af087a40f16d1b3b9ebdf7065980cb9f0aa285f86ebae7263c60d015 set_random_values 100 4 2 4 2 2 1 2 4 3 4 4 2 3 1 1 3 4 4 1 1 4 4 2 1 1 2 1 4 3 1 2 3 3 1 4 2 4 3 4 2 4 3 3 3 4 3 1 4 2 3 3 2 1 2 3 2 3 2 2 3 3 3 1 3 3 4 3 4 4 4 3 4 4 4 1 4 4 1 3 1 1 3 2 3 2 2 4 2 3 1 3 1 1 2 2 2 2 4 4 2 2 --network goerli


# Finish evaluator setup
nile invoke 0x040f8555af087a40f16d1b3b9ebdf7065980cb9f0aa285f86ebae7263c60d015 finish_setup --network goerli

# Set evaluator as admin in ERC20 through voyager
# Set evaluator as admin in players registry through voyager


